f = [[1;2;1;1],[1;2;-1;1],[-1;2;-1;1],[-1;2;1;1],[1;2;1;1]]

f =

     1     1    -1    -1     1
     2     2     2     2     2
     1    -1    -1     1     1
     1     1     1     1     1

f1 = [[1;0;0;0],[[0;1;0;0],[0;0;1;0],[0;-4;0;1]]]

f1 =

     1     0     0     0
     0     1     0    -4
     0     0     1     0
     0     0     0     1

f2 = f1 * f

f2 =

     1     1    -1    -1     1
    -2    -2    -2    -2    -2
     1    -1    -1     1     1
     1     1     1     1     1

ff = [f,f2]

ff =

     1     1    -1    -1     1     1     1    -1    -1     1
     2     2     2     2     2    -2    -2    -2    -2    -2
     1    -1    -1     1     1     1    -1    -1     1     1
     1     1     1     1     1     1     1     1     1     1

plot3(ff(1,1:5),ff(2,1:5),ff(3,1:5))
hold on
plot3(ff(1,6:10),ff(2,6:10),ff(3,6:10))
